10.71 1394.0 57813.17 370.7 2435.33 7048.56 10478.1 2304.99 27797.82
17.11 1394.62 57932.35 371.12 2436.39 7191.32 10483.64 2306.06 27821.35
23.36 1395.22 58054.64 371.48 2437.5 7332.45 10489.15 2307.0 27844.57
29.85 1395.73 58176.67 371.79 2438.69 7471.08 10494.53 2307.83 27871.94
36.23 1396.33 58298.42 372.17 2440.19 7607.05 10500.12 2308.81 27905.04
42.64 1396.92 58426.54 372.54 2442.02 7743.0 10505.82 2310.06 27939.61
48.85 1397.43 58557.48 372.87 2443.25 7886.74 10511.38 2311.13 27966.29
55.3 1397.98 58689.53 373.28 2444.28 8029.57 10517.06 2312.1 27989.73
61.73 1398.62 58810.01 373.65 2446.54 8185.43 10522.71 2313.06 28012.92
68.04 1399.22 58917.69 374.04 2447.64 8356.88 10528.31 2314.01 28036.7
74.42 1399.74 59057.77 374.36 2448.69 8500.22 10534.0 2315.22 28060.01
80.83 1400.3 59194.76 374.78 2449.78 8641.34 10539.35 2316.36 28083.15
87.09 1400.88 59338.57 375.14 2451.55 8776.41 10544.91 2318.38 28114.11
93.43 1401.36 59475.21 375.46 2452.86 8912.8 10550.19 2319.2 28139.85
99.74 1401.94 59617.09 375.83 2453.99 9050.32 10555.58 2320.68 28162.79
106.12 1402.38 59745.4 376.14 2455.01 9201.37 10561.0 2321.74 28186.56
112.47 1402.95 59875.99 376.54 2456.06 9357.48 10566.57 2323.15 28210.29
118.81 1403.53 60000.33 376.92 2457.09 9512.49 10572.03 2324.04 28233.37
125.07 1404.02 60117.48 377.23 2458.1 9678.73 10577.48 2324.96 28257.0
131.38 1404.67 60236.3 377.63 2460.39 9845.91 10583.04 2325.86 28280.48
137.74 1405.22 60379.75 378.01 2461.39 9985.59 10588.59 2326.89 28303.63
144.13 1405.68 60502.66 378.31 2462.36 10153.05 10594.16 2328.07 28327.91
150.54 1406.24 60623.8 378.66 2463.41 10320.56 10599.82 2329.08 28352.08
156.85 1406.86 60758.36 379.0 2464.54 10473.12 10605.47 2330.0 28377.56
163.01 1407.65 60936.91 379.54 2473.82 10616.6 10619.14 2331.31 28514.32
169.32 1408.6 61113.38 380.08 2481.85 10758.49 10627.3 2332.71 28650.58
175.64 1409.41 61289.62 381.1 2490.08 10899.79 10635.4 2334.14 28787.91
181.95 1410.02 61454.33 381.56 2492.19 11039.78 10641.52 2335.79 28827.61
188.4 1410.63 61612.0 381.94 2494.37 11179.31 10647.33 2336.7 28850.92
194.74 1411.14 61768.15 382.33 2495.43 11319.25 10652.97 2337.78 28874.53
200.96 1411.72 61929.28 382.72 2496.59 11458.16 10658.85 2339.11 28898.25
207.2 1412.32 62089.43 383.11 2497.67 11596.48 10664.54 2340.19 28921.72
213.39 1412.91 62250.76 383.44 2498.78 11735.48 10670.33 2341.14 28945.13
219.74 1413.48 62412.88 383.87 2499.86 11873.94 10676.13 2342.22 28970.55
226.11 1414.03 62574.99 384.17 2500.94 12009.12 10682.0 2343.18 29000.43
232.35 1414.68 62741.46 384.61 2502.08 12148.67 10687.96 2344.74 29027.26
238.63 1415.2 62894.85 384.98 2503.15 12299.92 10693.85 2346.32 29051.05
244.89 1415.77 63059.03 385.36 2504.25 12440.19 10699.7 2347.46 29074.97
251.16 1416.34 63230.0 385.7 2506.42 12579.0 10705.63 2348.37 29099.0
257.4 1416.95 63397.73 386.09 2507.51 12717.88 10711.53 2349.58 29123.16
263.59 1417.57 63565.52 386.44 2508.86 12853.5 10717.51 2350.97 29153.18
269.84 1418.17 63731.37 386.84 2509.95 12991.25 10723.44 2352.12 29180.5
276.29 1418.72 63894.97 387.22 2511.04 13129.62 10729.3 2353.09 29206.14
282.67 1419.36 64061.58 387.61 2512.05 13267.43 10735.05 2354.29 29230.43
288.96 1419.92 64226.32 388.01 2513.04 13405.61 10740.94 2355.5 29256.13
295.26 1420.46 64393.02 388.42 2514.14 13545.29 10746.85 2356.57 29282.18
301.61 1421.05 64559.39 388.81 2515.16 13684.31 10752.73 2357.8 29306.32
307.87 1421.65 64729.62 389.18 2516.18 13822.85 10758.66 2358.82 29330.67
314.28 1422.26 64901.92 389.61 2519.1 13959.12 10764.99 2360.05 29367.38
320.62 1422.88 65066.5 390.05 2520.87 14089.92 10771.04 2361.22 29405.27
326.89 1423.46 65233.16 390.43 2522.66 14221.5 10777.04 2362.39 29443.66
333.34 1424.07 65400.88 390.82 2524.13 14352.17 10783.17 2363.64 29475.31
339.58 1424.66 65583.48 391.17 2525.14 14490.06 10789.44 2364.59 29502.07
345.79 1425.3 65767.29 391.59 2526.23 14627.24 10795.57 2365.81 29528.17
352.14 1425.91 65956.32 391.97 2527.31 14764.07 10801.8 2366.88 29553.61
358.62 1426.52 66148.55 392.41 2528.39 14902.19 10808.19 2368.27 29579.5
365.0 1427.18 66332.15 392.8 2529.92 15032.62 10814.42 2369.48 29618.41
371.32 1427.88 66525.01 393.24 2532.79 15165.44 10820.8 2370.88 29653.47
377.7 1428.44 66718.8 393.63 2534.36 15298.55 10827.22 2372.46 29686.75
384.0 1429.16 66919.2 394.09 2535.52 15435.42 10833.65 2373.82 29712.74
390.29 1429.8 67119.96 394.51 2536.72 15572.98 10840.08 2375.1 29738.17
396.75 1430.39 67286.85 394.93 2537.82 15742.82 10846.56 2376.45 29764.12
402.96 1431.0 67476.28 395.36 2538.98 15895.75 10853.08 2378.19 29789.68
409.23 1431.65 67679.24 395.79 2540.09 16033.71 10859.58 2379.42 29814.67
415.55 1432.29 67890.34 396.23 2541.7 16168.91 10866.33 2381.54 29845.39
421.8 1432.86 68099.29 396.63 2543.22 16303.18 10873.07 2383.66 29875.75
428.13 1433.83 68312.75 397.05 2545.61 16437.9 10879.89 2385.84 29902.97
434.48 1434.5 68522.39 397.52 2546.8 16573.52 10886.46 2387.75 29928.2
440.89 1435.16 68717.15 397.96 2548.02 16725.46 10893.03 2389.5 29954.1
447.15 1435.89 68908.86 398.43 2549.14 16878.27 10899.61 2391.35 29979.81
453.45 1436.47 69086.44 398.82 2550.27 17047.82 10906.21 2393.17 30006.4
459.75 1437.12 69271.39 399.27 2551.36 17218.1 10913.06 2395.27 30033.16
466.02 1437.84 69466.37 399.71 2552.55 17371.19 10919.62 2397.24 30059.91
472.26 1438.55 69663.71 400.11 2553.73 17525.05 10926.47 2399.2 30085.95
478.5 1439.19 69847.05 400.59 2554.9 17696.1 10933.27 2400.78 30112.78
484.74 1439.8 70043.0 401.05 2557.28 17860.71 10940.23 2403.06 30139.88
491.11 1440.67 70280.32 401.68 2564.62 18004.02 10954.27 2405.4 30238.08
497.38 1441.6 70530.08 402.32 2574.11 18144.01 10964.0 2408.11 30395.78
503.65 1442.58 70788.19 403.1 2583.79 18284.62 10974.04 2411.04 30556.14
510.09 1443.36 71022.19 403.97 2586.14 18422.8 10981.48 2413.69 30599.58
516.43 1444.06 71250.52 404.45 2587.34 18560.55 10988.5 2415.36 30625.54
522.72 1444.8 71480.14 404.9 2588.57 18697.89 10995.52 2417.35 30651.38
529.02 1445.49 71711.49 405.35 2590.79 18832.43 11002.51 2419.69 30677.34
535.28 1446.27 71945.48 405.82 2591.98 18968.46 11009.66 2421.96 30703.43
541.65 1446.99 72177.1 406.34 2593.2 19105.89 11016.59 2424.15 30729.32
547.96 1447.63 72407.96 406.82 2594.39 19241.93 11023.47 2425.76 30755.19
554.32 1448.26 72644.63 407.26 2595.65 19376.58 11030.5 2427.9 30783.07
560.58 1448.97 72878.96 407.71 2596.78 19508.71 11037.6 2430.17 30814.96
566.96 1449.56 73112.07 408.11 2597.91 19644.37 11044.73 2432.38 30844.97
573.24 1450.36 73331.01 408.62 2599.13 19798.72 11051.84 2434.92 30871.47
579.58 1451.05 73570.64 409.05 2601.51 19934.96 11059.01 2437.15 30898.1
585.98 1451.74 73810.27 409.48 2602.66 20071.14 11066.23 2439.05 30924.55
592.18 1452.44 74046.61 409.98 2604.02 20208.0 11073.26 2441.16 30951.24
598.39 1453.15 74285.28 410.4 2605.37 20343.06 11080.46 2443.2 30983.26
604.72 1453.94 74519.33 410.83 2606.59 20476.35 11087.58 2445.26 31015.2
611.02 1454.72 74756.62 411.38 2607.83 20612.54 11094.78 2447.46 31044.11
617.45 1455.45 75003.66 411.85 2609.06 20754.42 11102.34 2449.56 31071.76
623.81 1456.2 75241.18 412.28 2610.3 20890.29 11109.51 2451.75 31100.0
630.12 1456.85 75483.19 412.78 2612.57 21024.85 11116.68 2453.52 31129.03
636.36 1457.54 75724.67 413.22 2613.65 21162.08 11123.98 2455.72 31156.09
642.64 1458.32 75963.7 413.77 2614.88 21299.13 11131.08 2457.83 31183.1
648.98 1459.03 76202.83 414.19 2616.36 21431.52 11138.34 2460.02 31216.88
655.33 1459.68 76435.53 414.63 2618.19 21560.68 11145.49 2462.09 31257.2
661.66 1460.44 76679.74 415.11 2620.1 21691.26 11152.96 2464.41 31298.89
668.05 1461.22 76919.08 415.61 2622.06 21819.44 11160.44 2466.76 31339.87
674.34 1461.92 77163.93 416.08 2623.99 21949.8 11168.04 2468.96 31381.19
680.84 1462.77 77422.19 416.6 2627.07 22079.6 11175.8 2471.26 31422.87
687.32 1463.5 77674.48 417.11 2629.11 22208.34 11183.29 2473.21 31464.84
693.67 1464.31 77928.49 417.64 2631.09 22335.64 11190.93 2475.58 31506.08
700.08 1464.97 78185.27 418.13 2633.02 22464.45 11198.62 2477.81 31547.16
706.48 1465.78 78452.17 418.63 2635.06 22595.05 11206.45 2480.17 31589.98
712.85 1466.58 78712.5 419.15 2636.96 22722.01 11214.31 2482.6 31631.22
719.09 1467.43 78981.0 419.64 2638.98 22851.74 11222.24 2485.03 31674.21
725.44 1468.17 79242.13 420.2 2640.91 22980.34 11230.1 2487.28 31716.72
731.66 1468.96 79535.86 420.69 2643.94 23109.95 11238.57 2490.37 31759.79
738.14 1469.85 79820.77 421.27 2645.94 23237.66 11246.91 2493.03 31801.94
744.36 1470.63 80107.2 421.76 2647.97 23366.36 11255.15 2495.47 31844.88
750.7 1471.47 80412.3 422.3 2649.94 23496.16 11263.75 2498.01 31888.63
756.93 1472.38 80720.75 422.85 2652.02 23624.07 11272.47 2500.58 31931.54
763.3 1473.26 81039.05 423.4 2654.13 23752.09 11281.25 2503.73 31975.34
769.61 1474.14 81344.21 423.95 2656.32 23881.42 11289.95 2506.43 32019.27
776.02 1474.94 81650.66 424.54 2659.34 24013.73 11298.68 2508.21 32063.14
782.4 1475.83 81952.39 425.11 2661.43 24141.69 11307.31 2510.1 32106.33
788.79 1476.67 82286.47 425.7 2663.39 24270.01 11316.36 2511.98 32150.38
795.15 1477.52 82611.8 426.27 2665.48 24399.32 11325.27 2513.95 32194.38
801.44 1478.5 82944.56 426.91 2667.6 24527.34 11334.3 2516.04 32238.54
807.84 1479.41 83276.36 427.5 2669.68 24655.85 11343.25 2517.85 32282.62
814.21 1480.34 83605.26 428.1 2672.89 24785.76 11352.35 2519.32 32327.45
820.54 1481.24 83941.1 428.67 2675.02 24914.36 11361.44 2520.72 32371.71
826.94 1482.18 84275.34 429.28 2677.26 25041.63 11370.69 2522.3 32415.59
833.22 1483.09 84625.89 429.89 2679.37 25169.79 11380.09 2523.71 32460.42
839.58 1484.04 84965.72 430.52 2681.46 25298.47 11389.31 2525.22 32504.86
845.96 1484.96 85320.32 431.19 2683.5 25426.7 11398.86 2526.76 32549.41
852.4 1485.9 85685.91 431.78 2686.72 25554.94 11408.55 2528.26 32595.53
858.66 1486.9 86064.68 432.42 2688.91 25684.69 11418.45 2529.81 32641.32
864.92 1487.84 86438.67 433.09 2691.19 25814.06 11428.25 2531.5 32687.27
871.3 1488.78 86797.44 433.74 2693.43 25942.01 11437.86 2533.09 32732.3
877.52 1489.79 87188.88 434.37 2695.57 26071.62 11447.94 2534.88 32778.35
883.74 1490.74 87551.82 434.99 2697.66 26199.85 11457.54 2536.57 32824.6
890.12 1491.74 87940.29 435.61 2700.94 26327.89 11467.76 2538.21 32870.75
896.39 1492.66 88310.39 436.24 2703.04 26457.55 11477.58 2539.78 32917.1
902.69 1493.71 88701.09 436.96 2705.4 26586.98 11487.63 2541.58 32963.73
908.9 1494.7 89097.12 437.58 2707.54 26714.93 11497.8 2543.21 33010.24
915.24 1495.76 89501.17 438.33 2709.77 26843.72 11508.4 2545.04 33056.98
921.67 1496.87 89899.68 439.08 2712.09 26972.27 11520.26 2547.01 33103.78
928.23 1498.0 90360.94 439.79 2715.5 27111.58 11531.83 2548.92 33154.62
934.47 1499.14 90770.69 440.51 2717.81 27240.34 11542.41 2550.76 33201.11
940.96 1500.18 91184.86 441.2 2720.16 27368.54 11553.17 2552.7 33248.64
947.28 1501.23 91619.36 441.91 2722.49 27497.01 11564.2 2554.48 33295.98
953.71 1502.32 92045.82 442.73 2724.76 27625.59 11575.13 2556.35 33342.96
960.1 1503.47 92494.48 443.4 2728.2 27754.28 11586.27 2558.42 33391.58
966.51 1504.64 92927.97 444.17 2730.52 27881.16 11597.3 2560.38 33439.26
972.82 1505.73 93388.3 444.9 2732.83 28011.2 11608.79 2562.41 33487.16
979.17 1506.86 93818.76 445.65 2735.07 28138.2 11619.72 2564.3 33534.76
985.51 1507.98 94279.72 446.44 2737.52 28266.77 11631.03 2566.25 33583.42
991.81 1509.04 94731.35 447.16 2739.78 28396.62 11642.28 2568.23 33632.07
998.15 1510.23 95192.05 447.92 2743.15 28523.7 11653.71 2570.37 33679.82
1004.74 1512.57 95590.9 448.58 2745.2 28632.95 11665.3 2572.33 33720.65
1011.33 1514.02 95820.71 449.25 2746.97 28703.96 11676.11 2574.35 33744.88
1017.9 1516.02 96137.58 450.11 2748.75 28782.27 11688.87 2576.51 33831.98
1024.1 1517.28 96390.87 450.95 2750.44 28856.69 11700.81 2579.13 34181.88
1030.23 1519.4 96569.87 451.58 2753.03 28926.92 11710.05 2581.23 34420.37
1036.61 1520.4 96668.8 452.0 2754.15 28997.22 11716.63 2583.06 34439.46
1043.09 1521.78 96781.11 452.4 2755.17 29068.38 11723.32 2584.51 34459.68
1049.5 1522.44 96881.26 452.82 2756.13 29147.38 11729.91 2585.99 34479.15
1055.85 1523.86 97025.26 453.22 2757.42 29237.85 11736.49 2587.68 34506.24
1062.18 1525.59 97139.82 453.7 2758.63 29324.57 11743.11 2589.18 34527.93
1068.54 1526.54 97312.45 454.06 2760.07 29435.14 11749.72 2590.85 34560.98
1074.97 1527.41 97412.5 454.53 2761.14 29505.74 11756.54 2592.38 34582.54
1081.28 1528.6 97567.76 454.91 2762.42 29606.82 11763.28 2594.13 34610.73
1087.67 1529.63 97675.04 455.32 2764.5 29677.3 11770.07 2595.67 34631.54
1094.04 1530.71 97838.09 455.76 2765.86 29797.68 11776.6 2597.45 34660.12
1100.38 1536.86 98045.04 456.22 2767.26 29908.11 11783.71 2599.28 34692.57
1106.66 1537.55 98260.03 456.65 2769.0 30038.63 11790.6 2601.32 34731.17
1112.89 1542.79 98460.81 457.1 2770.47 30148.38 11797.66 2603.37 34768.76
1119.11 1543.63 98664.92 457.53 2772.14 30275.63 11804.5 2605.38 34805.59
1125.48 1544.89 98836.74 457.99 2773.54 30374.04 11811.47 2607.03 34838.15
1131.9 1545.65 98984.33 458.44 2774.81 30472.17 11818.47 2608.97 34864.73
1138.15 1546.35 99194.99 458.91 2776.62 30600.01 11825.32 2610.93 34903.82
1144.48 1548.0 99321.65 459.31 2778.8 30670.21 11832.27 2612.54 34927.39
1150.96 1549.78 99492.03 459.77 2780.1 30771.24 11839.35 2614.49 34955.47
1157.34 1550.52 99594.82 460.19 2781.18 30844.0 11846.34 2616.32 34975.08
1163.74 1551.31 99702.7 460.64 2782.21 30918.22 11853.37 2617.94 34995.18
1170.2 1552.07 99810.17 461.04 2783.22 30992.46 11860.33 2619.78 35014.87
1176.71 1553.57 99937.55 461.53 2784.41 31068.31 11867.62 2621.87 35036.17
1183.21 1554.32 100103.6 462.02 2785.5 31181.81 11874.73 2623.8 35059.55
1189.61 1555.02 100323.39 462.59 2786.58 31330.02 11881.71 2625.64 35085.53
1195.9 1555.65 100541.99 463.05 2789.0 31479.61 11889.47 2627.88 35131.57
1202.15 1556.32 100775.14 463.52 2791.22 31618.33 11896.56 2630.04 35157.82
1208.4 1557.98 100955.11 464.0 2792.41 31728.41 11903.48 2632.09 35181.57
1214.79 1558.83 101064.95 464.44 2793.7 31798.62 11910.75 2633.76 35201.61
1221.18 1559.6 101173.33 464.94 2794.76 31868.92 11917.94 2638.0 35221.4
1227.53 1560.29 101279.43 465.37 2795.83 31939.17 11925.14 2639.68 35241.04
1234.12 1561.18 101391.08 465.83 2796.92 32012.22 11932.69 2641.68 35261.77
1240.49 1562.04 101498.46 466.32 2798.0 32082.24 11939.83 2643.76 35281.69
1246.95 1562.78 101608.45 466.73 2799.05 32152.63 11947.22 2645.45 35301.58
1253.38 1563.58 101721.32 467.2 2801.2 32225.2 11954.56 2647.49 35321.33
1259.81 1564.38 101834.17 467.69 2802.33 32295.56 11962.06 2649.65 35341.09
1266.27 1565.2 101945.99 468.16 2803.45 32365.76 11969.37 2651.75 35360.87
1272.74 1565.91 102063.01 468.58 2804.48 32439.76 11976.71 2653.53 35381.21
1279.08 1566.73 102310.4 469.13 2805.57 32580.28 11984.06 2656.11 35407.72
1285.26 1567.46 102542.43 469.63 2807.88 32737.15 11992.08 2658.74 35452.53
1291.53 1568.22 102794.05 470.16 2809.2 32872.71 11999.39 2661.26 35481.03
1297.68 1568.96 103037.47 470.67 2810.51 33005.01 12006.89 2663.86 35506.85
1304.1 1569.8 103152.68 471.14 2811.84 33075.34 12014.33 2666.16 35527.06
1310.49 1570.72 103272.45 471.62 2814.09 33145.37 12021.76 2668.04 35547.42
1316.79 1571.54 103390.17 472.1 2815.18 33215.26 12029.33 2670.4 35567.79
1323.2 1572.35 103507.56 472.58 2816.32 33285.42 12036.88 2672.81 35588.03
1329.61 1573.2 103626.08 473.04 2817.41 33356.03 12044.47 2675.13 35608.12
1335.96 1573.94 103743.6 473.47 2818.44 33426.13 12051.94 2677.09 35628.52
1342.25 1574.71 103863.01 473.95 2819.47 33496.07 12059.58 2679.34 35648.86
1348.62 1575.52 103986.18 474.4 2820.72 33566.41 12067.33 2681.69 35669.2
1355.07 1576.44 104105.58 474.84 2821.76 33636.67 12074.88 2684.14 35689.75
1361.46 1577.16 104228.12 475.38 2824.02 33706.55 12082.65 2686.16 35710.5
1367.93 1577.97 104349.76 475.9 2825.19 33776.47 12090.35 2688.66 35731.22
1374.31 1578.78 104470.76 476.36 2826.26 33846.56 12098.11 2691.03 35751.67
1380.71 1579.57 104593.58 476.84 2827.32 33916.81 12105.93 2693.51 35772.3
1387.18 1580.46 104717.63 477.3 2828.47 33987.05 12113.68 2695.97 35792.93
1393.56 1581.28 104841.58 477.76 2829.68 34057.07 12121.4 2698.01 35815.31
1399.93 1582.12 104966.58 478.27 2830.78 34127.3 12129.16 2700.58 35835.92
1406.28 1582.91 105090.43 478.75 2831.9 34197.56 12136.94 2703.02 35856.82
1412.62 1583.77 105215.85 479.25 2833.03 34267.76 12144.76 2705.43 35877.59
1419.02 1584.67 105344.68 479.81 2835.23 34337.94 12152.57 2707.47 35898.23
1425.46 1585.48 105470.82 480.3 2836.38 34408.26 12160.33 2709.97 35919.06
1431.94 1586.32 105596.15 480.79 2837.44 34478.36 12168.26 2712.37 35940.0
1438.36 1587.1 105723.06 481.25 2838.62 34549.49 12176.1 2714.81 35961.21
1444.77 1587.97 105849.98 481.8 2839.78 34619.45 12183.98 2717.35 35982.23
1451.1 1588.8 105978.51 482.3 2840.92 34689.86 12191.89 2719.79 36003.34
1457.54 1589.66 106106.98 482.8 2842.12 34759.94 12199.78 2721.51 36024.67
1463.98 1590.41 106237.66 483.28 2843.27 34830.02 12207.72 2723.15 36045.83
1470.41 1591.35 106371.46 483.82 2845.55 34900.21 12215.8 2724.95 36066.9
1476.96 1592.24 106504.28 484.31 2846.69 34970.46 12223.91 2726.65 36088.04
1483.37 1593.21 106637.76 484.88 2848.18 35040.61 12231.91 2728.45 36111.34
1489.75 1594.06 106771.82 485.37 2849.31 35110.81 12239.95 2730.13 36132.09
1496.17 1594.93 106905.15 485.86 2850.36 35180.89 12248.05 2731.96 36152.73
1502.65 1595.8 107041.48 486.42 2851.59 35251.0 12256.21 2733.76 36173.66
1508.98 1596.69 107175.86 486.92 2852.76 35321.17 12264.38 2735.55 36194.73
1515.32 1597.59 107310.29 487.46 2854.02 35391.35 12272.53 2737.29 36217.64
1521.67 1598.51 107450.07 487.96 2856.25 35461.64 12280.69 2739.09 36238.77
1527.99 1599.37 107586.49 488.49 2857.56 35531.9 12288.94 2741.03 36261.95
1534.65 1600.31 107727.18 489.04 2858.69 35602.27 12297.24 2742.88 36282.99
1541.21 1601.16 107871.29 489.63 2859.83 35676.09 12305.92 2744.72 36304.95
1547.62 1602.07 108009.37 490.11 2860.9 35746.26 12314.24 2746.47 36326.04
1554.03 1603.0 108146.76 490.63 2862.12 35816.44 12322.34 2748.29 36347.36
1560.4 1603.84 108285.42 491.1 2863.29 35886.75 12330.66 2750.21 36368.7
1566.83 1604.83 108431.21 491.65 2864.47 35959.57 12339.06 2752.11 36389.78
1573.28 1605.77 108579.83 492.21 2866.76 36029.63 12347.53 2754.06 36411.35
1579.68 1606.67 108723.09 492.69 2867.88 36099.66 12355.94 2755.82 36432.82
1586.0 1607.49 108867.63 493.23 2869.02 36170.01 12364.4 2757.6 36454.03
1592.37 1608.41 109017.83 493.76 2870.2 36240.67 12372.93 2759.57 36475.4
